SpecBOX_DATASET = [

{ id: "SpecSet01", mirror_id: "SMID001",
  agents: ["ベルクート","ダブルフェース"],
  vector: [1,1,0,0,0,0,0,0,0,0,0,0,0,0,0,0,0,0,0,0,0,0,0,0,0,0,0,0,0,0,0,0,0,0,0,0,0,0,0,0,0,0,0,0,0,0,0,0] },

{ id: "SpecSet02", mirror_id: "SMID002",
  agents: ["キノンドー"],
  vector: [0,0,1,0,0,0,0,0,0,0,0,0,0,0,0,0,0,0,0,0,0,0,0,0,0,0,0,0,0,0,0,0,0,0,0,0,0,0,0,0,0,0,0,0,0,0,0,0] },

{ id: "SpecSet03", mirror_id: "SMID003",
  agents: ["ゲッター"],
  vector: [0,0,0,1,0,0,0,0,0,0,0,0,0,0,0,0,0,0,0,0,0,0,0,0,0,0,0,0,0,0,0,0,0,0,0,0,0,0,0,0,0,0,0,0,0,0,0,0] },

{ id: "SpecSet04", mirror_id: "SMID004",
  agents: ["ランマン","アファーム"],
  vector: [0,0,0,0,1,1,0,0,0,0,0,0,0,0,0,0,0,0,0,0,0,0,0,0,0,0,0,0,0,0,0,0,0,0,0,0,0,0,0,0,0,0,0,0,0,0,0,0] },

{ id: "SpecSet05", mirror_id: "SMID005",
  agents: ["セイビア"],
  vector: [0,0,0,0,0,0,1,0,0,0,0,0,0,0,0,0,0,0,0,0,0,0,0,0,0,0,0,0,0,0,0,0,0,0,0,0,0,0,0,0,0,0,0,0,0,0,0,0] },

{ id: "SpecSet06", mirror_id: "SMID006",
  agents: ["トレノックス","コテツ"],
  vector: [0,0,0,0,0,0,0,1,1,0,0,0,0,0,0,0,0,0,0,0,0,0,0,0,0,0,0,0,0,0,0,0,0,0,0,0,0,0,0,0,0,0,0,0,0,0,0,0] },

{ id: "SpecSet07", mirror_id: "SMID007",
  agents: ["ベルクート","コロマイト"],
  vector: [1,0,0,0,0,0,0,0,0,1,0,0,0,0,0,0,0,0,0,0,0,0,0,0,0,0,0,0,0,0,0,0,0,0,0,0,0,0,0,0,0,0,0,0,0,0,0,0] },

{ id: "SpecSet08", mirror_id: "SMID008",
  agents: ["アントラコール"],
  vector: [0,0,0,0,0,0,0,0,0,0,1,0,0,0,0,0,0,0,0,0,0,0,0,0,0,0,0,0,0,0,0,0,0,0,0,0,0,0,0,0,0,0,0,0,0,0,0,0] },

{ id: "SpecSet09", mirror_id: "SMID009",
  agents: ["ゲッター","アファーム"],
  vector: [0,0,0,1,0,1,0,0,0,0,0,0,0,0,0,0,0,0,0,0,0,0,0,0,0,0,0,0,0,0,0,0,0,0,0,0,0,0,0,0,0,0,0,0,0,0,0,0] },

{ id: "SpecSet10", mirror_id: "SMID010",
  agents: ["セイビア","プレバソン"],
  vector: [0,0,0,0,0,0,1,0,0,0,0,1,0,0,0,0,0,0,0,0,0,0,0,0,0,0,0,0,0,0,0,0,0,0,0,0,0,0,0,0,0,0,0,0,0,0,0,0] },

{ id: "SpecSet11", mirror_id: "SMID011",
  agents: ["ベルクート","ダブルフェース"],
  vector: [1,1,0,0,0,0,0,0,0,0,0,0,0,0,0,0,0,0,0,0,0,0,0,0,0,0,0,0,0,0,0,0,0,0,0,0,0,0,0,0,0,0,0,0,0,0,0,0] },

{ id: "SpecSet12", mirror_id: "SMID012",
  agents: ["トレノックス","ストロビー"],
  vector: [0,0,0,0,0,0,0,1,0,0,0,0,1,0,0,0,0,0,0,0,0,0,0,0,0,0,0,0,0,0,0,0,0,0,0,0,0,0,0,0,0,0,0,0,0,0,0,0] },

{ id: "SpecSet13", mirror_id: "SMID013",
  agents: ["ゲッター","スターマイト","バリアード"],
  vector: [0,0,0,1,0,0,0,0,0,0,0,0,0,1,1,0,0,0,0,0,0,0,0,0,0,0,0,0,0,0,0,0,0,0,0,0,0,0,0,0,0,0,0,0,0,0,0,0] },

{ id: "SpecSet14", mirror_id: "SMID014",
  agents: ["ダブルフェース"],
  vector: [0,1,0,0,0,0,0,0,0,0,0,0,0,0,0,0,0,0,0,0,0,0,0,0,0,0,0,0,0,0,0,0,0,0,0,0,0,0,0,0,0,0,0,0,0,0,0,0] },

{ id: "SpecSet15", mirror_id: "SMID015",
  agents: ["アントラコール","トルネード","スピノエース"],
  vector: [0,0,0,0,0,0,0,0,0,0,1,0,0,0,0,0,0,0,0,0,0,0,1,0,0,0,0,0,0,0,0,0,0,0,0,0,0,0,0,0,0,0,0,0,0,0,0,0] },

{ id: "SpecSet16", mirror_id: "SMID016",
  agents: ["セイビア","コロマイト","レーバス"],
  vector: [0,0,0,0,0,0,1,0,0,1,0,0,0,0,0,0,0,0,0,0,0,0,0,0,1,0,0,0,0,0,0,0,0,0,0,0,0,0,0,0,0,0,0,0,0,0,0,0] },

{ id: "SpecSet17", mirror_id: "SMID017",
  agents: ["ゲッター","プレオ","チェス"],
  vector: [0,0,0,1,0,0,0,0,0,0,0,0,0,0,0,1,1,0,0,0,0,0,0,0,0,0,0,0,0,0,0,0,0,0,0,0,0,0,0,0,0,0,0,0,0,0,0,0] },

{ id: "SpecSet18", mirror_id: "SMID018",
  agents: ["ベルクート","マイトコーネ","パンチョ"],
  vector: [1,0,0,0,0,0,0,0,0,0,0,0,0,0,0,0,0,1,1,0,0,0,0,0,0,0,0,0,0,0,0,0,0,0,0,0,0,0,0,0,0,0,0,0,0,0,0,0] },

{ id: "SpecSet19", mirror_id: "SMID019",
  agents: ["シグナム","プレバソン","マッチ"],
  vector: [0,0,0,0,0,0,0,0,0,0,0,1,0,0,0,0,0,0,0,1,1,0,0,0,0,0,0,0,0,0,0,0,0,0,0,0,0,0,0,0,0,0,0,0,0,0,0,0] },

{ id: "SpecSet20", mirror_id: "SMID020",
  agents: ["ファンタジスタ","スターマイト","トルネード"],
  vector: [0,0,0,0,0,0,0,0,0,0,0,0,0,1,0,0,0,0,0,0,0,1,1,0,0,0,0,0,0,0,0,0,0,0,0,0,0,0,0,0,0,0,0,0,0,0,0,0] },

{ id: "SpecSet21", mirror_id: "SMID021",
  agents: ["セイビア","ラリー","コロマイト"],
  vector: [0,0,0,0,0,0,1,0,0,1,0,0,0,0,0,0,0,0,0,0,0,0,0,1,0,0,0,0,0,0,0,0,0,0,0,0,0,0,0,0,0,0,0,0,0,0,0,0] },

{ id: "SpecSet22", mirror_id: "SMID022",
  agents: ["シグナム","バリアード","プレオ"],
  vector: [0,0,0,0,0,0,0,0,0,0,0,0,0,0,1,1,0,0,0,1,0,0,0,0,0,0,0,0,0,0,0,0,0,0,0,0,0,0,0,0,0,0,0,0,0,0,0,0] },

{ id: "SpecSet23", mirror_id: "SMID023",
  agents: ["マイトコーネ","ベルクート"],
  vector: [1,0,0,0,0,0,0,0,0,0,0,0,0,0,0,0,0,1,0,0,0,0,0,0,0,0,0,0,0,0,0,0,0,0,0,0,0,0,0,0,0,0,0,0,0,0,0,0] },

{ id: "SpecSet24", mirror_id: "SMID024",
  agents: ["ファンタジスタ","フェニックス"],
  vector: [0,0,0,0,0,0,0,0,0,0,0,0,0,0,0,0,0,0,0,0,0,1,0,0,0,1,0,0,0,0,0,0,0,0,0,0,0,0,0,0,0,0,0,0,0,0,0,0] },

{ id: "SpecSet25", mirror_id: "SMID025",
  agents: ["セイビア","ダニサラバ"],
  vector: [0,0,0,0,0,0,1,0,0,0,0,0,0,0,0,0,0,0,0,0,0,0,0,0,0,0,1,0,0,0,0,0,0,0,0,0,0,0,0,0,0,0,0,0,0,0,0,0] },

{ id: "SpecSet26", mirror_id: "SMID026",
  agents: ["プロパティ","ベネピア"],
  vector: [0,0,0,0,0,0,0,0,0,0,0,0,0,0,0,0,0,0,0,0,0,0,0,0,0,0,0,1,1,0,0,0,0,0,0,0,0,0,0,0,0,0,0,0,0,0,0,0] },

{ id: "SpecSet27", mirror_id: "SMID027",
  agents: ["ファンベル"],
  vector: [0,0,0,0,0,0,0,0,0,0,0,0,0,0,0,0,0,0,0,0,0,0,0,0,0,0,0,0,0,1,0,0,0,0,0,0,0,0,0,0,0,0,0,0,0,0,0,0] },

{ id: "SpecSet28", mirror_id: "SMID028",
  agents: ["カナメ"],
  vector: [0,0,0,0,0,0,0,0,0,0,0,0,0,0,0,0,0,0,0,0,0,0,0,0,0,0,0,0,0,0,1,0,0,0,0,0,0,0,0,0,0,0,0,0,0,0,0,0] },

{ id: "SpecSet29", mirror_id: "SMID029",
  agents: ["パンチョ"],
  vector: [0,0,0,0,0,0,0,0,0,0,0,0,0,0,0,0,0,0,1,0,0,0,0,0,0,0,0,0,0,0,0,0,0,0,0,0,0,0,0,0,0,0,0,0,0,0,0,0] },

{ id: "SpecSet30", mirror_id: "SMID030",
  agents: ["アフェット"],
  vector: [0,0,0,0,0,0,0,0,0,0,0,0,0,0,0,0,0,0,0,0,0,0,0,0,0,0,0,0,0,0,0,1,0,0,0,0,0,0,0,0,0,0,0,0,0,0,0,0] },

{ id: "SpecSet31", mirror_id: "SMID031",
  agents: ["アベンジャー","カウンター","ダニコング","プロパティ"],
  vector: [0,0,0,0,0,0,0,0,0,0,0,0,0,0,0,0,0,0,0,0,0,0,0,0,0,0,0,0,0,0,0,0,1,1,1,0,0,0,0,0,0,0,0,0,0,0,0,0] },

{ id: "SpecSet32", mirror_id: "SMID032",
  agents: ["ジーファイン","サンクリ"],
  vector: [0,0,0,0,0,0,0,0,0,0,0,0,0,0,0,0,0,0,0,0,0,0,0,0,0,0,0,0,0,0,0,0,0,0,0,1,1,0,0,0,0,0,0,0,0,0,0,0] },

{ id: "SpecSet33", mirror_id: "SMID033",
  agents: ["バリアード","ジーファイン","サンクリ"],
  vector: [0,0,0,0,0,0,0,0,0,0,0,0,0,0,1,0,0,0,0,0,0,0,0,0,0,0,0,0,0,0,0,0,0,0,0,1,1,0,0,0,0,0,0,0,0,0,0,0] },

{ id: "SpecSet34", mirror_id: "SMID034",
  agents: ["アントラコール","アファーム"],
  vector: [0,0,0,0,0,1,0,0,0,0,1,0,0,0,0,0,0,0,0,0,0,0,0,0,0,0,0,0,0,0,0,0,0,0,0,0,0,0,0,0,0,0,0,0,0,0,0,0] },

{ id: "SpecSet35", mirror_id: "SMID035",
  agents: ["トレノックス","ヨーバル"],
  vector: [0,0,0,0,0,0,0,1,0,0,0,0,0,0,0,0,0,0,0,0,0,0,0,0,0,0,0,0,0,0,0,0,0,0,0,0,0,0,0,0,0,0,0,0,0,0,0,0] },  // ヨーバルは次元未定なら0扱い

{ id: "SpecSet36", mirror_id: "SMID036",
  agents: ["セイビア","グレーシア"],
  vector: [0,0,0,0,0,0,1,0,0,0,0,0,0,0,0,0,0,0,0,0,0,0,0,0,0,0,0,0,0,0,0,0,0,0,0,0,0,1,0,0,0,0,0,0,0,0,0,0] },

{ id: "SpecSet37", mirror_id: "SMID037",
  agents: ["ジーファイン","グレーシア"],
  vector: [0,0,0,0,0,0,0,0,0,0,0,0,0,0,0,0,0,0,0,0,0,0,0,0,0,0,0,0,0,0,0,0,0,0,0,1,0,1,0,0,0,0,0,0,0,0,0,0] },

{ id: "SpecSet38", mirror_id: "SMID038",
  agents: ["カリグリン","ベルクート"],
  vector: [1,0,0,0,0,0,0,0,0,0,0,0,0,0,0,0,0,0,0,0,0,0,0,0,0,0,0,0,0,0,0,0,0,0,0,0,0,0,1,0,0,0,0,0,0,0,0,0] },

{ id: "SpecSet39", mirror_id: "SMID039",
  agents: ["アントラコール","フルピカ"],
  vector: [0,0,0,0,0,0,0,0,0,0,1,0,0,0,0,0,0,0,0,0,0,0,0,0,0,0,0,0,0,0,0,0,0,0,0,0,0,0,0,1,0,0,0,0,0,0,0,0] },

{ id: "SpecSet40", mirror_id: "SMID040",
  agents: ["オラクル水和剤"],
  vector: [0,0,0,0,0,0,0,0,0,0,0,0,0,0,0,0,0,0,0,0,0,0,0,0,0,0,0,0,0,0,0,0,0,0,0,0,0,0,0,0,1,0,0,0,0,0,0,0] },

{ id: "SpecSet41", mirror_id: "SMID041",
  agents: ["トリフミン"],
  vector: [0,0,0,0,0,0,0,0,0,0,0,0,0,0,0,0,0,0,0,0,0,0,0,0,0,0,0,0,0,0,0,0,0,0,0,0,0,0,0,0,0,1,0,0,0,0,0,0] },

{ id: "SpecSet42", mirror_id: "SMID042",
  agents: ["セイピア"],
  vector: [0,0,0,0,0,0,0,0,0,0,0,0,0,0,0,0,0,0,0,0,0,0,0,0,0,0,0,0,0,0,0,0,0,0,0,0,0,0,0,0,0,0,1,0,0,0,0,0] },

{ id: "SpecSet43", mirror_id: "SMID043",
  agents: ["トクチオン","ベルクート","アグリメック","ベストガード","アファーム"],
  vector: [1,0,0,0,0,1,0,0,0,0,0,0,0,0,0,0,0,0,0,0,0,0,0,0,0,0,0,0,0,0,0,0,0,0,0,0,0,0,0,0,0,0,0,0,1,1,1,0] }

]
