# ENTRY_VECTOR (74日) x EVAL_BOX (22セット) 対応表

## 1. 日付別ベストセット対応表

| # | 日付 | ベストセット | 病害虫組み合わせ | スコア | トップ2 | トップ3 |
|---|------|-------------|-----------------|--------|---------|---------|
| 1 | 2/21 | Set2 | Kahi | 1.0 | Set2(1.0), Set7(1.0) | Set2(1.0), Set7(1.0), Set6(1.0) |
| 2 | 2/29 | Set2 | Kahi | 1.0 | Set2(1.0), Set7(1.0) | Set2(1.0), Set7(1.0), Set6(1.0) |
| 3 | 3/7 | Set2 | Kahi | 1.0 | Set2(1.0), Set7(1.0) | Set2(1.0), Set7(1.0), Set6(1.0) |
| 4 | 3/22 | Set2 | Kahi | 1.0 | Set2(1.0), Set7(1.0) | Set2(1.0), Set7(1.0), Set6(1.0) |
| 5 | 3/27 | Set2 | Kahi | 1.0 | Set2(1.0), Set7(1.0) | Set2(1.0), Set7(1.0), Set6(1.0) |
| 6 | 4/4 | Set2 | Kahi | 1.0 | Set2(1.0), Set7(1.0) | Set2(1.0), Set7(1.0), Set6(1.0) |
| 7 | 4/18 | Set2 | Kahi | 1.0 | Set2(1.0), Set7(1.0) | Set2(1.0), Set7(1.0), Set6(1.0) |
| 8 | 5/3 | Set2 | Kahi | 0.4 | Set2(0.4), Set7(0.36) | Set2(0.4), Set7(0.36), Set12(0.36) |
| 9 | 5/4 | Set2 | Kahi | 0.4 | Set2(0.4), Set7(0.36) | Set2(0.4), Set7(0.36), Set12(0.36) |
| 10 | 5/10 | Set2 | Kahi | 0.4 | Set2(0.4), Set7(0.31) | Set2(0.4), Set7(0.31), Set6(0.31) |
| 11 | 5/17 | Set2 | Kahi | 0.4 | Set2(0.4), Set7(0.31) | Set2(0.4), Set7(0.31), Set6(0.31) |
| 12 | 5/20 | Set2 | Kahi | 0.4 | Set2(0.4), Set7(0.31) | Set2(0.4), Set7(0.31), Set6(0.31) |
| 13 | 5/24 | Set2 | Kahi | 0.4 | Set2(0.4), Set7(0.31) | Set2(0.4), Set7(0.31), Set6(0.31) |
| 14 | 5/25 | Set2 | Kahi | 0.4 | Set2(0.4), Set7(0.31) | Set2(0.4), Set7(0.31), Set6(0.31) |
| 15 | 5/29 | Set2 | Kahi | 0.4 | Set2(0.4), Set7(0.31) | Set2(0.4), Set7(0.31), Set6(0.31) |
| 16 | 5/30 | Set7 | Tan+Udo+Kahi | 0.31 | Set7(0.31), Set2(0.31) | Set7(0.31), Set2(0.31), Set6(0.31) |
| 17 | 6/3 | Set7 | Tan+Udo+Kahi | 2.45 | Set7(2.45), Set6(2.0) | Set7(2.45), Set6(2.0), Set11(2.0) |
| 18 | 6/6 | Set7 | Tan+Udo+Kahi | 2.45 | Set7(2.45), Set6(2.0) | Set7(2.45), Set6(2.0), Set11(2.0) |
| 19 | 6/7 | Set7 | Tan+Udo+Kahi | 2.45 | Set7(2.45), Set6(2.0) | Set7(2.45), Set6(2.0), Set11(2.0) |
| 20 | 6/10 | Set7 | Tan+Udo+Kahi | 2.45 | Set7(2.45), Set6(2.0) | Set7(2.45), Set6(2.0), Set11(2.0) |
| 21 | 6/14 | Set7 | Tan+Udo+Kahi | 2.45 | Set7(2.45), Set6(2.0) | Set7(2.45), Set6(2.0), Set11(2.0) |
| 22 | 6/15 | Set7 | Tan+Udo+Kahi | 2.45 | Set7(2.45), Set6(2.0) | Set7(2.45), Set6(2.0), Set11(2.0) |
| 23 | 6/17 | Set7 | Tan+Udo+Kahi | 2.45 | Set7(2.45), Set6(2.0) | Set7(2.45), Set6(2.0), Set11(2.0) |
| 24 | 6/20 | Set7 | Tan+Udo+Kahi | 2.45 | Set7(2.45), Set6(2.0) | Set7(2.45), Set6(2.0), Set11(2.0) |
| 25 | 6/24 | Set7 | Tan+Udo+Kahi | 2.45 | Set7(2.45), Set6(2.0) | Set7(2.45), Set6(2.0), Set11(2.0) |
| 26 | 6/27 | Set7 | Tan+Udo+Kahi | 2.45 | Set7(2.45), Set6(2.0) | Set7(2.45), Set6(2.0), Set11(2.0) |
| 27 | 6/29 | Set7 | Tan+Udo+Kahi | 2.45 | Set7(2.45), Set6(2.0) | Set7(2.45), Set6(2.0), Set11(2.0) |
| 28 | 7/1 | Set7 | Tan+Udo+Kahi | 0.84 | Set7(0.84), Set6(0.39) | Set7(0.84), Set6(0.39), Set18(0.39) |
| 29 | 7/4 | Set7 | Tan+Udo+Kahi | 0.84 | Set7(0.84), Set6(0.39) | Set7(0.84), Set6(0.39), Set18(0.39) |
| 30 | 7/8 | Set7 | Tan+Udo+Kahi | 0.84 | Set7(0.84), Set6(0.39) | Set7(0.84), Set6(0.39), Set18(0.39) |
| 31 | 7/12 | Set7 | Tan+Udo+Kahi | 0.84 | Set7(0.84), Set6(0.39) | Set7(0.84), Set6(0.39), Set18(0.39) |
| 32 | 7/15 | Set7 | Tan+Udo+Kahi | 0.84 | Set7(0.84), Set6(0.39) | Set7(0.84), Set6(0.39), Set18(0.39) |
| 33 | 7/18 | Set7 | Tan+Udo+Kahi | 0.84 | Set7(0.84), Set6(0.39) | Set7(0.84), Set6(0.39), Set18(0.39) |
| 34 | 7/19 | Set7 | Tan+Udo+Kahi | 0.84 | Set7(0.84), Set6(0.39) | Set7(0.84), Set6(0.39), Set18(0.39) |
| 35 | 7/22 | Set7 | Tan+Udo+Kahi | 0.84 | Set7(0.84), Set6(0.39) | Set7(0.84), Set6(0.39), Set18(0.39) |
| 36 | 7/25 | Set7 | Tan+Udo+Kahi | 0.84 | Set7(0.84), Set6(0.39) | Set7(0.84), Set6(0.39), Set18(0.39) |
| 37 | 7/29 | Set7 | Tan+Udo+Kahi | 0.84 | Set7(0.84), Set6(0.39) | Set7(0.84), Set6(0.39), Set18(0.39) |
| 38 | 8/1 | Set7 | Tan+Udo+Kahi | 1.1 | Set7(1.1), Set6(0.65) | Set7(1.1), Set6(0.65), Set18(0.65) |
| 39 | 8/4 | Set7 | Tan+Udo+Kahi | 1.1 | Set7(1.1), Set12(1.1) | Set7(1.1), Set12(1.1), Set22(1.1) |
| 40 | 8/8 | Set7 | Tan+Udo+Kahi | 1.1 | Set7(1.1), Set6(0.65) | Set7(1.1), Set6(0.65), Set18(0.65) |
| 41 | 8/12 | Set7 | Tan+Udo+Kahi | 1.1 | Set7(1.1), Set6(0.65) | Set7(1.1), Set6(0.65), Set18(0.65) |
| 42 | 8/15 | Set7 | Tan+Udo+Kahi | 1.1 | Set7(1.1), Set6(0.65) | Set7(1.1), Set6(0.65), Set18(0.65) |
| 43 | 8/16 | Set7 | Tan+Udo+Kahi | 1.1 | Set7(1.1), Set12(1.1) | Set7(1.1), Set12(1.1), Set21(1.1) |
| 44 | 8/19 | Set7 | Tan+Udo+Kahi | 1.1 | Set7(1.1), Set6(0.65) | Set7(1.1), Set6(0.65), Set18(0.65) |
| 45 | 8/22 | Set7 | Tan+Udo+Kahi | 1.1 | Set7(1.1), Set14(1.1) | Set7(1.1), Set14(1.1), Set16(1.1) |
| 46 | 8/25 | Set7 | Tan+Udo+Kahi | 1.14 | Set7(1.14), Set11(1.14) | Set7(1.14), Set11(1.14), Set18(1.14) |
| 47 | 8/29 | Set7 | Tan+Udo+Kahi | 1.1 | Set7(1.1), Set6(0.65) | Set7(1.1), Set6(0.65), Set18(0.65) |
| 48 | 9/1 | Set7 | Tan+Udo+Kahi | 1.31 | Set7(1.31), Set21(1.31) | Set7(1.31), Set21(1.31), Set12(1.31) |
| 49 | 9/5 | Set7 | Tan+Udo+Kahi | 1.31 | Set7(1.31), Set6(0.31) | Set7(1.31), Set6(0.31), Set18(0.31) |
| 50 | 9/9 | Set7 | Tan+Udo+Kahi | 1.31 | Set7(1.31), Set6(0.31) | Set7(1.31), Set6(0.31), Set18(0.31) |
| 51 | 9/12 | Set7 | Tan+Udo+Kahi | 1.31 | Set7(1.31), Set6(0.31) | Set7(1.31), Set6(0.31), Set18(0.31) |
| 52 | 9/15 | Set7 | Tan+Udo+Kahi | 1.31 | Set7(1.31), Set6(0.31) | Set7(1.31), Set6(0.31), Set18(0.31) |
| 53 | 9/19 | Set7 | Tan+Udo+Kahi | 1.47 | Set7(1.47), Set11(1.47) | Set7(1.47), Set11(1.47), Set18(1.47) |
| 54 | 9/21 | Set7 | Tan+Udo+Kahi | 1.31 | Set7(1.31), Set6(0.31) | Set7(1.31), Set6(0.31), Set18(0.31) |
| 55 | 9/22 | Set7 | Tan+Udo+Kahi | 1.31 | Set7(1.31), Set16(1.31) | Set7(1.31), Set16(1.31), Set21(1.31) |
| 56 | 9/26 | Set7 | Tan+Udo+Kahi | 1.47 | Set7(1.47), Set11(1.47) | Set7(1.47), Set11(1.47), Set18(1.47) |
| 57 | 9/29 | Set7 | Tan+Udo+Kahi | 1.31 | Set7(1.31), Set17(1.31) | Set7(1.31), Set17(1.31), Set6(0.31) |
| 58 | 10/2 | Set11 | Tan+Udo+Kahi+Nami | 2.06 | Set11(2.06), Set7(1.06) | Set11(2.06), Set7(1.06), Set18(1.06) |
| 59 | 10/6 | Set12 | Tan+Udo+Kahi+Hasu+Ota | 1.56 | Set12(1.56), Set19(1.56) | Set12(1.56), Set19(1.56), Set13(1.56) |
| 60 | 10/8 | Set11 | Tan+Udo+Kahi+Nami | 2.56 | Set11(2.56), Set21(2.56) | Set11(2.56), Set21(2.56), Set12(2.06) |
| 61 | 10/14 | Set11 | Tan+Udo+Kahi+Nami | 2.06 | Set11(2.06), Set7(1.06) | Set11(2.06), Set7(1.06), Set18(1.06) |
| 62 | 10/19 | Set11 | Tan+Udo+Kahi+Nami | 2.06 | Set11(2.06), Set20(2.06) | Set11(2.06), Set20(2.06), Set7(1.06) |
| 63 | 10/24 | Set11 | Tan+Udo+Kahi+Nami | 2.06 | Set11(2.06), Set7(1.06) | Set11(2.06), Set7(1.06), Set18(1.06) |
| 64 | 10/28 | Set12 | Tan+Udo+Kahi+Hasu+Ota | 1.56 | Set12(1.56), Set19(1.56) | Set12(1.56), Set19(1.56), Set13(1.56) |
| 65 | 11/4 | Set2 | Kahi | 0.017 | Set2(0.017), Set7(0.017) | Set2(0.017), Set7(0.017), Set6(0.017) |

## 2. 月別ベストセット集計

| 月 | 総日数 | ベストセット出現（上位3） |
|----|--------|--------------------------|
| 2月 | 2 | Set2(2) |
| 3月 | 5 | Set2(5) |
| 4月 | 2 | Set2(2) |
| 5月 | 14 | Set2(9), Set7(5) |
| 6月 | 11 | Set7(11) |
| 7月 | 10 | Set7(10) |
| 8月 | 10 | Set7(10) |
| 9月 | 10 | Set7(10) |
| 10月 | 7 | Set11(4), Set12(2), Set7(1) |
| 11月 | 1 | Set2(1) |

## 3. 全体ベストセット出現頻度

| 順位 | セット | 名称 | 出現日数 | 出現率 |
|------|--------|------|---------|--------|
| 1 | Set7 | Tan+Udo+Kahi | 42 | 56.8% |
| 2 | Set2 | Kahi | 19 | 25.7% |
| 3 | Set11 | Tan+Udo+Kahi+Nami | 6 | 8.1% |
| 4 | Set12 | Tan+Udo+Kahi+Hasu+Ota | 4 | 5.4% |
| 5 | Set6 | Udo+Kahi | 1 | 1.4% |
| 6 | Set16 | Tan+Udo+Hasu+Ota+Mikan | 1 | 1.4% |
| 7 | Set17 | Tan+Wata | 1 | 1.4% |

## 4. 閾値シミュレーション（score >= threshold で散布判定）

| 閾値 | 散布判定日数 | 監視日数 |
|------|-------------|---------|
| 0.5 | 67日 | 7日 |
| 1.0 | 51日 | 23日 |
| 1.5 | 10日 | 64日 |
| 2.0 | 6日 | 68日 |
| 2.5 | 2日 | 72日 |
| 3.0 | 0日 | 74日 |

## 5. 各日付の全22セット内積スコア（上位5セットのみ表示）

| # | 日付 | Set1 | Set2 | Set3 | Set4 | Set5 | Set6 | Set7 | Set8 | Set9 | Set10 | Set11 | Set12 | Set13 | Set14 | Set15 | Set16 | Set17 | Set18 | Set19 | Set20 | Set21 | Set22 |
|---|------|------|------|------|------|------|------|------|------|------|-------|-------|-------|-------|-------|-------|-------|-------|-------|-------|-------|-------|
| 1 | 2/21 | 0.0 | 1.0 | 0.0 | 0.0 | 0.0 | 1.0 | 1.0 | 1.0 | 0.0 | 0.0 | 1.0 | 0.0 | 0.0 | 0.0 | 0.0 | 0.0 | 0.0 | 1.0 | 0.0 | 0.0 | 1.0 | 0.0 |
| 2 | 2/29 | 0.0 | 1.0 | 0.0 | 0.0 | 0.0 | 1.0 | 1.0 | 1.0 | 0.0 | 0.0 | 1.0 | 0.0 | 0.0 | 0.0 | 0.0 | 0.0 | 0.0 | 1.0 | 0.0 | 0.0 | 1.0 | 0.0 |
| 3 | 3/7 | 0.0 | 1.0 | 0.063 | 0.063 | 1.0 | 1.063 | 1.063 | 1.0 | 0.0 | 0.063 | 1.063 | 0.0 | 0.0 | 0.0 | 0.0 | 0.0 | 0.0 | 1.063 | 0.063 | 0.0 | 1.063 | 0.0 |
| 4 | 3/22 | 0.029 | 1.0 | 0.063 | 0.092 | 1.029 | 1.063 | 1.092 | 1.0 | 0.029 | 0.063 | 1.092 | 0.029 | 0.0 | 0.0 | 0.0 | 0.0 | 0.029 | 1.063 | 0.092 | 0.0 | 1.092 | 0.029 |
| 5 | 3/27 | 0.029 | 1.0 | 0.063 | 0.092 | 1.029 | 1.063 | 1.092 | 1.0 | 0.029 | 0.063 | 1.092 | 0.029 | 0.0 | 0.0 | 0.0 | 0.0 | 0.029 | 1.063 | 0.092 | 0.0 | 1.092 | 0.029 |
| 6 | 4/4 | 0.25 | 1.0 | 0.063 | 0.313 | 1.25 | 1.063 | 1.313 | 1.04 | 0.29 | 0.063 | 1.313 | 0.25 | 0.0 | 0.0 | 0.0 | 0.25 | 0.25 | 1.113 | 0.125 | 0.0 | 1.313 | 0.25 |
| 7 | 4/18 | 0.25 | 1.0 | 0.063 | 0.313 | 1.25 | 1.063 | 1.313 | 1.0 | 0.25 | 0.0 | 1.25 | 0.25 | 0.0 | 0.0 | 0.0 | 0.25 | 0.25 | 1.063 | 0.063 | 0.0 | 1.25 | 0.25 |
| 8 | 5/3 | 0.11 | 0.4 | 0.25 | 0.36 | 0.51 | 0.65 | 0.76 | 0.44 | 0.15 | 0.29 | 0.76 | 0.76 | 0.36 | 0.25 | 0.36 | 0.36 | 0.11 | 0.69 | 0.36 | 0.44 | 0.76 | 0.76 |
| 9 | 5/4 | 0.11 | 0.4 | 0.25 | 0.36 | 0.51 | 0.65 | 0.76 | 0.44 | 0.15 | 0.29 | 0.76 | 0.76 | 0.36 | 0.25 | 0.36 | 0.36 | 0.11 | 0.69 | 0.36 | 0.44 | 0.76 | 0.76 |
| 10 | 5/10 | 0.11 | 0.4 | 0.25 | 0.36 | 0.51 | 0.65 | 0.71 | 0.44 | 0.15 | 0.29 | 0.71 | 0.0 | 0.0 | 0.0 | 0.0 | 0.0 | 0.11 | 0.65 | 0.31 | 0.0 | 0.71 | 0.0 |
| 11 | 5/17 | 0.11 | 0.4 | 0.25 | 0.36 | 0.51 | 0.65 | 0.71 | 0.44 | 0.15 | 0.29 | 0.71 | 0.0 | 0.0 | 0.0 | 0.0 | 0.0 | 0.11 | 0.65 | 0.31 | 0.0 | 0.71 | 0.0 |
| 12 | 5/20 | 0.11 | 0.4 | 0.25 | 0.36 | 0.51 | 0.65 | 0.71 | 0.44 | 0.15 | 0.29 | 0.71 | 0.0 | 0.0 | 0.0 | 0.0 | 0.0 | 0.11 | 0.65 | 0.31 | 0.0 | 0.71 | 0.0 |
| 13 | 5/24 | 0.11 | 0.4 | 0.25 | 0.36 | 0.51 | 0.65 | 0.71 | 0.44 | 0.15 | 0.29 | 0.71 | 0.0 | 0.0 | 0.0 | 0.0 | 0.0 | 0.11 | 0.65 | 0.31 | 0.0 | 0.71 | 0.0 |
| 14 | 5/25 | 0.11 | 0.4 | 0.25 | 0.36 | 0.51 | 0.65 | 0.71 | 0.44 | 0.15 | 0.29 | 0.71 | 0.0 | 0.0 | 0.0 | 0.0 | 0.0 | 0.11 | 0.65 | 0.31 | 0.0 | 0.71 | 0.0 |
| 15 | 5/29 | 0.11 | 0.4 | 0.25 | 0.36 | 0.51 | 0.65 | 0.71 | 0.44 | 0.15 | 0.29 | 0.71 | 0.0 | 0.0 | 0.0 | 0.0 | 0.0 | 0.11 | 0.65 | 0.31 | 0.0 | 0.71 | 0.0 |
| 16 | 5/30 | 0.11 | 0.31 | 0.31 | 0.42 | 0.42 | 0.62 | 0.73 | 0.35 | 0.11 | 0.35 | 0.73 | 0.73 | 0.31 | 0.31 | 0.42 | 0.42 | 0.11 | 0.73 | 0.42 | 0.35 | 0.73 | 0.73 |
| 17 | 6/3 | 0.45 | 1.0 | 1.0 | 1.45 | 1.45 | 2.0 | 2.45 | 1.0 | 0.45 | 1.0 | 2.45 | 2.45 | 1.0 | 1.0 | 1.45 | 1.45 | 0.45 | 2.0 | 1.45 | 1.0 | 2.45 | 2.45 |
| 18 | 6/6 | 0.45 | 1.0 | 1.0 | 1.45 | 1.45 | 2.0 | 2.45 | 1.0 | 0.45 | 1.0 | 2.45 | 2.45 | 1.0 | 1.0 | 1.45 | 1.45 | 0.45 | 2.0 | 1.45 | 1.0 | 2.45 | 2.45 |
| 19 | 6/7 | 0.45 | 1.0 | 1.0 | 1.45 | 1.45 | 2.0 | 2.45 | 1.0 | 0.45 | 1.0 | 2.45 | 2.45 | 1.0 | 1.0 | 1.45 | 1.45 | 0.45 | 2.0 | 1.45 | 1.0 | 2.45 | 2.45 |
| 20 | 6/10 | 0.45 | 1.0 | 1.0 | 1.45 | 1.45 | 2.0 | 2.45 | 1.0 | 0.45 | 1.0 | 2.45 | 2.45 | 1.0 | 1.0 | 1.45 | 1.45 | 0.45 | 2.0 | 1.45 | 1.0 | 2.45 | 2.45 |
| 21 | 6/14 | 0.45 | 1.0 | 1.0 | 1.45 | 1.45 | 2.0 | 2.45 | 1.0 | 0.45 | 1.0 | 2.45 | 2.45 | 1.0 | 1.0 | 1.45 | 1.45 | 0.45 | 2.0 | 1.45 | 1.0 | 2.45 | 2.45 |
| 22 | 6/15 | 0.45 | 1.0 | 1.0 | 1.45 | 1.45 | 2.0 | 2.45 | 1.0 | 0.45 | 1.0 | 2.45 | 2.45 | 1.0 | 1.0 | 1.45 | 1.45 | 0.45 | 2.0 | 1.45 | 1.0 | 2.45 | 2.45 |
| 23 | 6/17 | 0.45 | 1.0 | 1.0 | 1.45 | 1.45 | 2.0 | 2.45 | 1.0 | 0.45 | 1.0 | 2.45 | 2.45 | 1.0 | 1.0 | 1.45 | 1.45 | 0.45 | 2.0 | 1.45 | 1.0 | 2.45 | 2.45 |
| 24 | 6/20 | 0.45 | 1.0 | 1.0 | 1.45 | 1.45 | 2.0 | 2.45 | 1.0 | 0.45 | 1.0 | 2.45 | 2.45 | 1.0 | 1.0 | 1.45 | 1.45 | 0.45 | 2.0 | 1.45 | 1.0 | 2.45 | 2.45 |
| 25 | 6/24 | 0.45 | 1.0 | 1.0 | 1.45 | 1.45 | 2.0 | 2.45 | 1.0 | 0.45 | 1.0 | 2.45 | 2.45 | 1.0 | 1.0 | 1.45 | 1.45 | 0.45 | 2.0 | 1.45 | 1.0 | 2.45 | 2.45 |
| 26 | 6/27 | 0.45 | 1.0 | 1.0 | 1.45 | 1.45 | 2.0 | 2.45 | 1.0 | 0.45 | 1.0 | 2.45 | 2.45 | 1.0 | 1.0 | 1.45 | 1.45 | 0.45 | 2.0 | 1.45 | 1.0 | 2.45 | 2.45 |
| 27 | 6/29 | 0.45 | 1.0 | 1.0 | 1.45 | 1.45 | 2.0 | 2.45 | 1.0 | 0.45 | 1.0 | 2.45 | 2.45 | 1.0 | 1.0 | 1.45 | 1.45 | 0.45 | 2.0 | 1.45 | 1.0 | 2.45 | 2.45 |
| 28 | 7/1 | 0.45 | 0.14 | 0.25 | 0.7 | 0.59 | 0.39 | 0.84 | 0.14 | 0.45 | 0.25 | 0.84 | 0.84 | 0.14 | 0.25 | 0.45 | 0.45 | 0.45 | 0.39 | 0.39 | 0.14 | 0.84 | 0.84 |
| 29 | 7/4 | 0.45 | 0.14 | 0.25 | 0.7 | 0.59 | 0.39 | 0.84 | 0.14 | 0.45 | 0.25 | 0.84 | 0.84 | 0.14 | 0.25 | 0.45 | 0.45 | 0.45 | 0.39 | 0.39 | 0.14 | 0.84 | 0.84 |
| 30 | 7/8 | 0.45 | 0.14 | 0.25 | 0.7 | 0.59 | 0.39 | 0.84 | 0.14 | 0.45 | 0.25 | 0.84 | 0.84 | 0.14 | 0.25 | 0.45 | 0.45 | 0.45 | 0.39 | 0.39 | 0.14 | 0.84 | 0.84 |
| 31 | 7/12 | 0.45 | 0.14 | 0.25 | 0.7 | 0.59 | 0.39 | 0.84 | 0.14 | 0.45 | 0.25 | 0.84 | 0.84 | 0.14 | 0.25 | 0.45 | 0.45 | 0.45 | 0.39 | 0.39 | 0.14 | 0.84 | 0.84 |
| 32 | 7/15 | 0.45 | 0.14 | 0.25 | 0.7 | 0.59 | 0.39 | 0.84 | 0.14 | 0.45 | 0.25 | 0.84 | 0.84 | 0.14 | 0.25 | 0.45 | 0.45 | 0.45 | 0.39 | 0.39 | 0.14 | 0.84 | 0.84 |
| 33 | 7/18 | 0.45 | 0.14 | 0.25 | 0.7 | 0.59 | 0.39 | 0.84 | 0.14 | 0.45 | 0.25 | 0.84 | 0.84 | 0.14 | 0.25 | 0.45 | 0.45 | 0.45 | 0.39 | 0.39 | 0.14 | 0.84 | 0.84 |
| 34 | 7/19 | 0.45 | 0.14 | 0.25 | 0.7 | 0.59 | 0.39 | 0.84 | 0.14 | 0.45 | 0.25 | 0.84 | 0.84 | 0.14 | 0.25 | 0.45 | 0.45 | 0.45 | 0.39 | 0.39 | 0.14 | 0.84 | 0.84 |
| 35 | 7/22 | 0.45 | 0.14 | 0.25 | 0.7 | 0.59 | 0.39 | 0.84 | 0.14 | 0.45 | 0.25 | 0.84 | 0.84 | 0.14 | 0.25 | 0.45 | 0.45 | 0.45 | 0.39 | 0.39 | 0.14 | 0.84 | 0.84 |
| 36 | 7/25 | 0.45 | 0.14 | 0.25 | 0.7 | 0.59 | 0.39 | 0.84 | 0.14 | 0.45 | 0.25 | 0.84 | 0.84 | 0.14 | 0.25 | 0.45 | 0.45 | 0.45 | 0.39 | 0.39 | 0.14 | 0.84 | 0.84 |
| 37 | 7/29 | 0.45 | 0.14 | 0.25 | 0.7 | 0.59 | 0.39 | 0.84 | 0.14 | 0.45 | 0.25 | 0.84 | 0.84 | 0.14 | 0.25 | 0.45 | 0.45 | 0.45 | 0.39 | 0.39 | 0.14 | 0.84 | 0.84 |
| 38 | 8/1 | 0.45 | 0.4 | 0.25 | 0.7 | 0.85 | 0.65 | 1.1 | 0.4 | 0.45 | 0.25 | 1.1 | 1.1 | 0.4 | 0.25 | 0.45 | 0.45 | 0.45 | 0.9 | 0.4 | 0.4 | 1.1 | 1.1 |
| 39 | 8/4 | 0.45 | 0.4 | 0.25 | 0.7 | 0.85 | 0.65 | 1.1 | 0.4 | 0.45 | 0.25 | 1.1 | 1.1 | 0.4 | 0.25 | 0.45 | 0.45 | 0.45 | 0.9 | 0.4 | 0.4 | 1.1 | 1.1 |
| 40 | 8/8 | 0.45 | 0.4 | 0.25 | 0.7 | 0.85 | 0.65 | 1.1 | 0.4 | 0.45 | 0.25 | 1.1 | 0.0 | 0.0 | 0.0 | 0.0 | 0.0 | 0.45 | 0.65 | 0.31 | 0.0 | 1.1 | 0.0 |
| 41 | 8/12 | 0.45 | 0.4 | 0.25 | 0.7 | 0.85 | 0.65 | 1.1 | 0.4 | 0.45 | 0.25 | 1.1 | 0.0 | 0.0 | 0.0 | 0.0 | 0.0 | 0.45 | 0.65 | 0.31 | 0.0 | 1.1 | 0.0 |
| 42 | 8/15 | 0.45 | 0.4 | 0.25 | 0.7 | 0.85 | 0.65 | 1.1 | 0.4 | 0.45 | 0.25 | 1.1 | 0.0 | 0.0 | 0.0 | 0.0 | 0.0 | 0.45 | 0.65 | 0.31 | 0.0 | 1.1 | 0.0 |
| 43 | 8/16 | 0.45 | 0.4 | 0.25 | 0.7 | 0.85 | 0.65 | 1.1 | 0.4 | 0.45 | 0.25 | 1.1 | 1.1 | 0.4 | 0.25 | 0.45 | 0.45 | 0.45 | 0.9 | 0.4 | 0.4 | 1.1 | 1.1 |
| 44 | 8/19 | 0.45 | 0.4 | 0.25 | 0.7 | 0.85 | 0.65 | 1.1 | 0.4 | 0.45 | 0.25 | 1.1 | 0.0 | 0.0 | 0.0 | 0.0 | 0.0 | 0.45 | 0.65 | 0.31 | 0.0 | 1.1 | 0.0 |
| 45 | 8/22 | 0.45 | 0.4 | 0.25 | 0.7 | 0.85 | 0.65 | 1.1 | 0.4 | 0.45 | 0.25 | 1.1 | 1.1 | 0.4 | 1.1 | 0.45 | 1.1 | 0.45 | 0.9 | 0.4 | 0.4 | 1.1 | 1.1 |
| 46 | 8/25 | 0.45 | 0.4 | 0.25 | 0.7 | 0.85 | 0.65 | 1.14 | 0.44 | 0.49 | 0.29 | 1.14 | 0.0 | 0.0 | 0.0 | 0.0 | 0.0 | 0.45 | 1.14 | 0.35 | 0.0 | 1.14 | 0.0 |
| 47 | 8/29 | 0.45 | 0.4 | 0.25 | 0.7 | 0.85 | 0.65 | 1.1 | 0.4 | 0.45 | 0.25 | 1.1 | 0.0 | 0.0 | 0.0 | 0.0 | 0.0 | 0.45 | 0.65 | 0.31 | 0.0 | 1.1 | 0.0 |
| 48 | 9/1 | 1.0 | 0.063 | 0.25 | 1.25 | 1.063 | 0.313 | 1.313 | 0.063 | 1.0 | 0.25 | 1.313 | 1.313 | 0.063 | 0.25 | 1.0 | 1.0 | 1.0 | 0.313 | 0.063 | 0.0 | 1.313 | 1.313 |
| 49 | 9/5 | 1.0 | 0.063 | 0.25 | 1.25 | 1.063 | 0.313 | 1.313 | 0.063 | 1.0 | 0.25 | 1.313 | 0.0 | 0.0 | 0.0 | 0.0 | 0.0 | 1.0 | 0.313 | 0.063 | 0.0 | 1.313 | 0.0 |
| 50 | 9/9 | 1.0 | 0.063 | 0.25 | 1.25 | 1.063 | 0.313 | 1.313 | 0.063 | 1.0 | 0.25 | 1.313 | 0.0 | 0.0 | 0.0 | 0.0 | 0.0 | 1.0 | 0.313 | 0.063 | 0.0 | 1.313 | 0.0 |
| 51 | 9/12 | 1.0 | 0.063 | 0.25 | 1.25 | 1.063 | 0.313 | 1.313 | 0.063 | 1.0 | 0.25 | 1.313 | 0.0 | 0.0 | 0.0 | 0.0 | 0.0 | 1.0 | 0.313 | 0.063 | 0.0 | 1.313 | 0.0 |
| 52 | 9/15 | 1.0 | 0.063 | 0.25 | 1.25 | 1.063 | 0.313 | 1.313 | 0.063 | 1.0 | 0.25 | 1.313 | 0.0 | 0.0 | 0.0 | 0.0 | 0.0 | 1.0 | 0.313 | 0.063 | 0.0 | 1.313 | 0.0 |
| 53 | 9/19 | 1.0 | 0.063 | 0.25 | 1.25 | 1.063 | 0.313 | 1.47 | 0.223 | 1.16 | 0.41 | 1.47 | 0.0 | 0.0 | 0.0 | 0.0 | 0.0 | 1.0 | 1.47 | 0.223 | 0.0 | 1.47 | 0.0 |
| 54 | 9/21 | 1.0 | 0.063 | 0.25 | 1.25 | 1.063 | 0.313 | 1.313 | 0.063 | 1.0 | 0.25 | 1.313 | 0.0 | 0.0 | 0.0 | 0.0 | 0.0 | 1.0 | 0.313 | 0.063 | 0.0 | 1.313 | 0.0 |
| 55 | 9/22 | 1.0 | 0.063 | 0.25 | 1.25 | 1.063 | 0.313 | 1.313 | 0.063 | 1.0 | 0.25 | 1.313 | 1.313 | 0.063 | 1.0 | 1.0 | 1.0 | 1.0 | 0.313 | 0.063 | 0.0 | 1.313 | 1.313 |
| 56 | 9/26 | 1.0 | 0.063 | 0.25 | 1.25 | 1.063 | 0.313 | 1.47 | 0.223 | 1.16 | 0.41 | 1.47 | 0.0 | 0.0 | 0.0 | 0.0 | 0.0 | 1.0 | 1.47 | 0.223 | 0.0 | 1.47 | 0.0 |
| 57 | 9/29 | 1.0 | 0.063 | 0.25 | 1.25 | 1.063 | 0.313 | 1.313 | 0.063 | 1.0 | 0.25 | 1.313 | 0.0 | 0.0 | 0.0 | 0.0 | 0.0 | 1.0 | 0.313 | 0.063 | 0.0 | 1.313 | 0.0 |
| 58 | 10/2 | 0.25 | 0.56 | 0.25 | 0.5 | 0.81 | 0.81 | 1.06 | 1.56 | 1.25 | 0.5 | 2.06 | 0.0 | 0.0 | 0.0 | 0.0 | 0.0 | 0.25 | 1.56 | 0.25 | 1.56 | 1.06 | 0.0 |
| 59 | 10/6 | 0.25 | 0.56 | 0.25 | 0.5 | 0.81 | 0.81 | 1.06 | 0.56 | 0.25 | 0.25 | 1.06 | 1.56 | 1.56 | 0.25 | 0.25 | 0.25 | 0.25 | 0.81 | 0.56 | 0.56 | 1.06 | 1.56 |
| 60 | 10/8 | 0.25 | 0.56 | 0.25 | 0.5 | 0.81 | 0.81 | 1.06 | 1.56 | 1.25 | 0.5 | 2.56 | 2.06 | 1.56 | 0.25 | 0.25 | 0.25 | 0.25 | 1.56 | 0.5 | 1.56 | 2.56 | 2.06 |
| 61 | 10/14 | 0.25 | 0.56 | 0.25 | 0.5 | 0.81 | 0.81 | 1.06 | 1.56 | 1.25 | 0.5 | 2.06 | 0.0 | 0.0 | 0.0 | 0.0 | 0.0 | 0.25 | 1.56 | 0.25 | 1.56 | 1.06 | 0.0 |
| 62 | 10/19 | 0.25 | 0.56 | 0.25 | 0.5 | 0.81 | 0.81 | 1.06 | 1.56 | 1.25 | 0.5 | 2.06 | 0.0 | 0.0 | 0.0 | 0.0 | 0.0 | 0.25 | 1.56 | 0.25 | 2.06 | 1.06 | 0.0 |
| 63 | 10/24 | 0.25 | 0.56 | 0.25 | 0.5 | 0.81 | 0.81 | 1.06 | 1.56 | 1.25 | 0.5 | 2.06 | 0.0 | 0.0 | 0.0 | 0.0 | 0.0 | 0.25 | 1.56 | 0.25 | 1.56 | 1.06 | 0.0 |
| 64 | 10/28 | 0.25 | 0.56 | 0.25 | 0.5 | 0.81 | 0.81 | 1.06 | 0.56 | 0.25 | 0.25 | 1.06 | 1.56 | 1.56 | 0.25 | 0.25 | 0.25 | 0.25 | 0.81 | 0.56 | 0.56 | 1.06 | 1.56 |
| 65 | 11/4 | 0.0 | 0.017 | 0.0 | 0.0 | 0.017 | 0.017 | 0.017 | 0.057 | 0.0 | 0.0 | 0.057 | 0.0 | 0.0 | 0.0 | 0.0 | 0.0 | 0.0 | 0.057 | 0.0 | 0.0 | 0.057 | 0.0 |

---

作成日：2026-07-28
